.Random.seed <-
c(403L, 10L, 3342555L, -2027464726L, -1443661940L, 2088757455L, 
-593172347L, 1869568828L, -1380056558L, 1352030477L, 1754415687L, 
-1491830738L, -2029671032L, 2001425547L, -1471328663L, 1954509368L, 
1100743398L, 1790598785L, -2014354925L, -398948926L, 2072088180L, 
643571831L, 477299053L, 1262155268L, 1881687338L, -2108824939L, 
1241688367L, 676981814L, 1461930080L, -1342923101L, 1943296449L, 
-700578384L, 1911885006L, -863040967L, 791006283L, 234982906L, 
1837320444L, -1892012737L, -541875691L, -1189713620L, 42134018L, 
1943464157L, 1453706199L, -107669826L, 973820152L, -2101932325L, 
-2013522631L, -819920760L, -1830537162L, 775978097L, 1752024739L, 
-1587336206L, -1587843260L, -1327538169L, -553820707L, -1368306988L, 
539809274L, -1116661435L, 1609039263L, 1877770022L, -2007846992L, 
-502789037L, 1351960433L, 1394384544L, 1103012414L, 56707401L, 
2098976763L, -493159478L, 1274746156L, 1038379311L, -1594861595L, 
-1677031780L, 209089266L, 1898689389L, 845950119L, -133486898L, 
1222237224L, 1786052651L, -722570679L, 2007571288L, 1413862918L, 
-1912447007L, -368554637L, 1204856290L, 538667348L, 228882519L, 
-2041953203L, -1439787036L, 1119765962L, 901278773L, 799861391L, 
-613424234L, 2064740160L, 119243267L, 1264228385L, 1189442320L, 
2070892782L, -1617751911L, 573437227L, -1398207462L, -1111073060L, 
1626781407L, -911966027L, -1439324596L, 1464724130L, 888164861L, 
1850784503L, 1665207326L, 1329776344L, -235726277L, -1869867047L, 
615365992L, -1880265578L, 209644049L, -2013297725L, 1936490450L, 
-2087904668L, 1923430823L, 846083837L, -783568140L, 644986330L, 
37349669L, 853381183L, 505638854L, 739808336L, -1103398797L, 
-2111923055L, 321789120L, -1505128802L, -571571607L, 76243611L, 
-1442426966L, -288285748L, -993388913L, -1504803131L, -1199509892L, 
-1840217390L, 1543341645L, 331442951L, -2043900178L, 605776840L, 
-1134740277L, -622181079L, 696894840L, 1180785318L, 1692433601L, 
-3220141L, 1698585090L, 512779060L, -1159704393L, 740014253L, 
561087940L, -1197828630L, -1427428779L, -779480081L, -2052983818L, 
-2144246496L, 1645660899L, -215118975L, 257232368L, 1401541774L, 
1157872633L, 1547868555L, 1854465466L, 1336347836L, -1005412353L, 
1683144021L, 954793580L, -2077205822L, 1692720413L, 1718399895L, 
518440702L, -1210837832L, 2041538203L, -1708595975L, -65874360L, 
-942599818L, 117192881L, -768410397L, -1487131726L, -1743981564L, 
-1428179129L, -384733667L, 1403700372L, 235103290L, -2086003067L, 
1104207711L, -803438618L, 933540464L, -1955162733L, -1337572815L, 
-1813503776L, -135767682L, 220355593L, -1008194501L, -1961528822L, 
690878956L, 789896815L, 1783583141L, 589580636L, 1945335090L, 
-1552462803L, -1657535769L, -2044499954L, -1456064024L, 1347541995L, 
1810416777L, 1302265880L, -1669259450L, -101696095L, -621374413L, 
-1115080286L, 2022923412L, -861398249L, 236049677L, -288922588L, 
148190218L, 1581361525L, 1673687247L, -1478499370L, -1587537024L, 
464973763L, 1390733665L, 875085776L, 929904430L, 776383193L, 
635103467L, 496236890L, 1080509212L, 1309871442L, 1674325120L, 
-2054905772L, -1397581848L, -1303691014L, -1617917104L, -1509224660L, 
-679794316L, 1106803602L, 919201888L, -1025092212L, -1385551008L, 
-1619502622L, -1841878104L, 1572822220L, -2114557956L, -1032940110L, 
1266109936L, 1053617092L, -1384067752L, 649589114L, -305255504L, 
204853692L, 596953172L, 1959321538L, -1236723680L, 2039847100L, 
924861008L, 1761164258L, 2084628584L, 612133964L, 216881404L, 
1158228978L, -495204096L, 2048631156L, 82080776L, -162447430L, 
1245180368L, 1084267500L, -1919809132L, 2138943954L, 1510822240L, 
1135152972L, 1579776288L, -1358772350L, 22318824L, -119652116L, 
-1232661444L, 846175090L, 672278128L, -64189404L, 2067473208L, 
-1157665638L, 1425074896L, 1532358844L, 139775636L, 172113538L, 
-1255769920L, -718894276L, 459857040L, 805809698L, -1094377464L, 
1981973772L, -950856548L, 777522706L, 1121787776L, 1268565524L, 
-923196888L, -2016576198L, 1996853712L, 1463901292L, -1357948620L, 
735051410L, 219321184L, 612385612L, -2093152288L, -1327671390L, 
-1788024920L, 137772428L, 1079603388L, -1499819662L, -1138807568L, 
291328068L, -1415755432L, -1505276358L, 760630128L, 57428028L, 
-1051691244L, 2114506178L, 1608004320L, 1357987708L, -922976560L, 
1540591778L, -1539263448L, 730338572L, 1262145468L, 1859981618L, 
1228231104L, -1114191308L, -721353784L, -1997549382L, 1599326608L, 
38971884L, -298239404L, 1535703186L, -507971808L, 599224780L, 
1524119008L, -2079193406L, -1490543576L, -1315513684L, -755137348L, 
-1002376718L, -2127617744L, -156664668L, -441217352L, 1851739482L, 
1523416464L, 1042676604L, -1995034348L, 799554L, -41837824L, 
268421052L, 1952376656L, -1950014686L, -952027832L, -1101057524L, 
1790728284L, 608920786L, 860963328L, -932301484L, 919380456L, 
-1642624006L, 330469584L, -1772737236L, -1027742988L, 1379967378L, 
166327392L, 611962124L, 493810400L, -1763585694L, -526779736L, 
2006745676L, -119776900L, -1814364878L, -837472144L, 1307447108L, 
398878168L, 1201683578L, -137986512L, -424578372L, 2027816788L, 
-290446270L, 313925024L, -985380164L, -88051248L, -495286942L, 
-888746008L, 1247764428L, -47524100L, 1115675122L, -464809856L, 
1991814388L, 614805128L, 1457577786L, -341361840L, -701944212L, 
-1072617324L, 1673582930L, -257100064L, -698844468L, -1927053152L, 
-1737536638L, 1137812200L, -378060052L, -1090696132L, -366077326L, 
859726960L, -187908572L, 1342831672L, -286898150L, -646137136L, 
109558844L, 872277140L, 54082690L, 1353613248L, 835801404L, 1581513360L, 
-511658974L, 101028872L, -1891964788L, -1315363812L, -1726169454L, 
1105773696L, 1542459412L, -1668178648L, 384572986L, -748933936L, 
208725100L, 1717883572L, -867164142L, 2059450336L, -395757620L, 
-207401504L, 1056351778L, -2087386840L, -1633666804L, 692053564L, 
-1164750606L, 96260848L, 801547076L, 403423832L, 1579256378L, 
1023860464L, 710808764L, -1652460012L, 1815009474L, 332359776L, 
-206211716L, -667487024L, 1226021922L, -968867160L, 450496396L, 
-293457476L, 1470829618L, -278120640L, 83970228L, -605200379L, 
1807480911L, 1847524424L, -826043930L, 1016954643L, -433817483L, 
644295250L, -1849840480L, -1620564599L, 2123515323L, 1559736844L, 
-1116701798L, 1247372047L, -246574759L, -620690450L, -564270468L, 
996797165L, 46431639L, -1449286048L, -1595274178L, -1811264245L, 
-1820282995L, -252797766L, 803937016L, -8781663L, -788687789L, 
-692820108L, 806372610L, -1999204969L, 973182817L, -1449397338L, 
1422482852L, -1301011371L, -1946142465L, -711283304L, 1676256950L, 
1675290435L, 329067141L, -1881022686L, -1019421680L, -1641435207L, 
1606860907L, -775287972L, 1276422794L, 1692817023L, 1152600009L, 
1764052062L, -22288628L, -1393621283L, 2010759143L, 55153680L, 
2071238958L, 630652379L, 2028704445L, -304826326L, 53854408L, 
-1954175503L, -1142144157L, 1420964708L, 1921116818L, -191936665L, 
-1020643023L, -86891914L, -1882143852L, -1378474075L, 774289583L, 
-1499122328L, -948120250L, 763393267L, 1700022869L, -1585551822L, 
-1022581760L, -1031395095L, 271097691L, -606258772L, -1693800006L, 
1327421295L, -2024535815L, -1171174002L, 153043036L, 1359127245L, 
-539314633L, -1061819200L, -1543814242L, 206000235L, 1342820333L, 
-1716333990L, -600484584L, -373120383L, 148680755L, -1511131564L, 
-1737309598L, -61930249L, -1555660991L, -156328506L, 1657491204L, 
-1385117003L, 1635231135L, 1023146488L, -519800874L, 847700579L, 
367409701L, -1617739326L, -1987524944L, -758948135L, -1513363381L, 
-225683780L, 493606122L, 865599775L, -1076743767L, 179869502L, 
-2086747604L, 1626116221L, -1916661049L, 1982655408L, -311804466L, 
-1599058181L, 1189860701L, -1921393014L, -1888600920L, -845871087L, 
-709953277L, -518401020L, 2140306482L, 550761607L, -1839882031L, 
1710887510L, 795171380L, -888282811L, 1506581391L, 795148040L, 
880077094L, 1426979283L, 1011987253L, 180732562L, -1038535072L, 
-1139429431L, 1588281083L, -1307549492L, 1093704026L, 556258383L, 
-1876002535L, -1228848338L, -64197316L, 1368611501L, -157592233L, 
